0.100000000000000
0.100000000000000
0.100000000000000
0.100000000000000
0.100000000000000
0.100000000000000
0.100000000000000
0.100000000000000
0.100000000000000
0.100000000000000
0.175462361694935
0.294652508038040
0.162283678416374
0.206694887604381
0.251898140316648
0.580613811870159
0.677417307042595
1.432271625833148
0.330216763244219
0.997515844596250
0.167549819967135
0.290271332261500
0.164880392136720
0.206586976169398
0.253427454865333
0.784156500579452
0.702454217689116
1.662956632895603
0.366462109670776
1.094567984768590
0.164839394038247
0.263451555582878
0.174766558189615
0.180715667985895
0.266523539534390
0.640118997248147
0.821328873482134
1.632041974957852
0.283336714252063
1.110311707777253
0.120704871098502
0.301789853934891
0.151830880633875
0.202606738005625
0.271531459945764
0.634220462682843
0.785026256713499
1.485454001833434
0.361354585155993
1.139047001811377
0.169209557082088
0.320904353761120
0.182409949128301
0.200657264933307
0.261442784852258
0.614989673932722
0.699533672833922
1.584736177999601
0.356735777467061
1.120244055156392
0.167762673197983
0.287018324370152
0.160773163122308
0.199719030590223
0.266686826709365
0.591783067720569
0.721695697299784
1.573583896783946
0.292898608736301
1.220203402690557
0.164655479285158
0.327476220572340
0.159860793611463
0.247996625209466
0.274299992186458
0.736566713864835
0.780683050477949
1.749874355657192
0.301294658686343
1.289260370123556
0.140104966304307
0.216713165757913
0.181486631169982
0.215582417271255
0.233566312984396
0.664034994469934
0.868796984527227
1.607962569310379
0.347918915310447
1.053006498923610
0.148225635593577
0.294152054839002
0.177212774079495
0.176635470167026
0.319989228117662
0.744359587719000
0.788936397907204
1.482911297106921
0.396627846723051
1.105307386048282
0.178278616447492
0.243548492378170
0.182004059334428
0.190162521640725
0.258513709552509
0.640538786184700
0.811432512246921
1.702688580496033
0.367413519283910
1.117850008371100
0.093106903546301
0.253055752661409
0.187873253699894
0.136104541235664
0.263541314032277
0.393605035141455
0.113254596493256
0.250127234251550
0.222115836002969
0.268252879447202
0.097604710038233
0.239505438609363
0.197364539589748
0.117934904612481
0.297084692504631
0.368591518572553
0.102925352969410
0.259115310500231
0.194907585352156
0.267096198950366
0.095138912211650
0.287071037580188
0.180787543551247
0.130782922934147
0.254282157954429
0.401895378801254
0.126425673532794
0.299619569397980
0.195587687830581
0.292522317741529
0.097061241688740
0.284167954353054
0.214574188155203
0.135041928093711
0.220511260300269
0.379648534592088
0.098442204330274
0.279284216838314
0.199118639766024
0.249136288755436
0.107831115165110
0.271281063140250
0.252246102744745
0.148231486771876
0.245009012062501
0.348552577991371
0.113415570264203
0.272443644972854
0.232821015493706
0.275840080171675
0.095930323504223
0.235613256177243
0.199680801550877
0.144853410240681
0.260372589557835
0.364732188023459
0.108333348525128
0.327933017465411
0.201600235598544
0.234413312459571
0.100973827528024
0.227271993296697
0.223140327757325
0.133492012113300
0.247159369536966
0.341607063576925
0.110153499222355
0.220791280338958
0.210134935987897
0.263135348796899
0.095039622146332
0.254446089409426
0.250346070878934
0.102372832191661
0.223490374781321
0.309993684741986
0.113453003895140
0.283566386494435
0.233476449756469
0.224016865054729
0.111663955803506
0.256882796478658
0.205606382356264
0.122446424607985
0.249067631365377
0.337262296403452
0.113220077128431
0.254136280512678
0.175364406163968
0.300262218425598
0.100788325280492
0.302401528667221
0.225015907636719
0.134127876841188
0.243869222905820
0.309778853003346
0.118286921872142
0.260432479499209
0.199697212614223
0.293026406367485
