0.008333333333333
0.008333333333333
0.008333333333333
0.008333333333333
0.008333333333333
0.008333333333333
0.008333333333333
0.008333333333333
0.008333333333333
0.008333333333333
0.008333333333333
0.008333333333333
0.008333333333333
0.008333333333333
0.008333333333333
0.008333333333333
0.008333333333333
0.008333333333333
0.008333333333333
0.008333333333333
0.008333333333333
0.008333333333333
0.008333333333333
0.008333333333333
0.008333333333333
0.008333333333333
0.008333333333333
0.008333333333333
0.008333333333333
0.008333333333333
0.008333333333333
0.008333333333333
0.008333333333333
0.008333333333333
0.008333333333333
0.008333333333333
0.008333333333333
0.008333333333333
0.008333333333333
0.008333333333333
0.008333333333333
0.008333333333333
0.008333333333333
0.008333333333333
0.008333333333333
0.008333333333333
0.008333333333333
0.008333333333333
0.008333333333333
0.008333333333333
0.008333333333333
0.008333333333333
0.008333333333333
0.008333333333333
0.008333333333333
0.008333333333333
0.008333333333333
0.008333333333333
0.008333333333333
0.008333333333333
0.008333333333333
0.008333333333333
0.008333333333333
0.008333333333333
0.008333333333333
0.008333333333333
0.008333333333333
0.008333333333333
0.008333333333333
0.008333333333333
0.008333333333333
0.008333333333333
0.008333333333333
0.008333333333333
0.008333333333333
0.008333333333333
0.008333333333333
0.008333333333333
0.008333333333333
0.008333333333333
0.008333333333333
0.008333333333333
0.008333333333333
0.008333333333333
0.008333333333333
0.008333333333333
0.008333333333333
0.008333333333333
0.008333333333333
0.008333333333333
0.008333333333333
0.008333333333333
0.008333333333333
0.008333333333333
0.008333333333333
0.008333333333333
0.008333333333333
0.008333333333333
0.008333333333333
0.008333333333333
0.008333333333333
0.008333333333333
0.008333333333333
0.008333333333333
0.008333333333333
0.008333333333333
0.008333333333333
0.008333333333333
0.008333333333333
0.008333333333333
0.008333333333333
0.008333333333333
0.008333333333333
0.008333333333333
0.008333333333333
0.008333333333333
0.008333333333333
0.008333333333333
0.008333333333333
0.008333333333333
0.167873082879288
0.288844101707300
0.159955010317355
0.172376477031447
0.271554927817039
0.811072831593225
0.915003673147449
1.346706383185601
0.342914988677140
0.974142370797748
0.141510486343098
0.301604658605791
0.185085297183609
0.193395736115005
0.266635819250793
0.622448896162664
0.731455748619062
1.498224359883519
0.284754595952326
1.025925252038500
0.160573055960015
0.320522721608268
0.145861549815355
0.229511641314537
0.249396138153286
0.692800509431251
0.760282618280401
1.829457930158875
0.263496338260014
1.075290636842401
0.165328161683393
0.237044961340801
0.167940739696824
0.196956823089439
0.276596496017390
0.688696980850729
0.800161562245355
1.441972640013255
0.310481652061728
0.966858968565904
0.173229734073905
0.263205456113322
0.179046227677813
0.222634901641526
0.234324083482618
0.764587072480549
0.846757188835798
1.640470899128106
0.318224299658657
1.164078401214699
0.121854090364404
0.253333426812565
0.167923405528482
0.189838222993877
0.258991544282655
0.726924422179959
0.712084982538949
1.557008831389572
0.371913001572173
0.931017372212297
0.152022698660555
0.251861991019658
0.131609952832985
0.176217388871330
0.217392549560365
0.624868526171710
0.810463830053065
1.398289250006263
0.324985789622855
1.165112152537219
0.168404302978871
0.292726690475705
0.152677269948873
0.209410084079053
0.262064801920633
0.523980397749865
0.728885505998407
1.458628796129535
0.326648072550398
0.980149843379397
0.118214038693656
0.292223762565073
0.154930183372044
0.209402292502872
0.216940485785621
0.795811604318286
0.867167647812290
1.524422183685382
0.365378024987561
1.153818852598096
0.164319136747100
0.310932655817783
0.147188032108118
0.172095422642736
0.289807079474596
0.801886818848818
0.877927271979795
1.497734242793590
0.285389336584393
1.313380741956382
0.187195032284947
0.240921420368840
0.140788945274483
0.206780095960572
0.252294998758647
0.561505373328370
0.721820411050517
1.366749905706854
0.419775674330751
1.399359169425463
0.172940641520070
0.304148073615293
0.152507834454640
0.200904790521181
0.284469619649673
0.689847856012847
0.835044779706402
1.465624614096282
0.293902065158385
1.299016232606949
0.162190120409176
0.253035201007449
0.162131892198304
0.178718277296401
0.265791928011396
0.640049094225978
0.687670480347200
1.303890804042966
0.324840164161091
1.397468875769397
0.155653744337295
0.325928322107548
0.182071123191411
0.222197030973572
0.238257841234278
0.695963827527162
0.690532728906690
1.716204135238486
0.304302919154586
1.046289293870954
0.141725574509737
0.296863006419397
0.165394560642130
0.216268259585008
0.247968239914855
0.623762173082370
0.870924814834420
1.499768114533486
0.247888960363214
1.310236629610388
0.175871611786968
0.271043765431164
0.174591107400906
0.187624297752302
0.302413700979538
0.584992301132067
0.840847257901685
1.314180365602384
0.329848299799227
1.060655388578172
0.156284677812273
0.243669419486717
0.180250052568423
0.215615477973125
0.257414017329017
0.739189352095976
0.819263939055187
1.656786320108031
0.277764635348912
1.040087687613504
0.171546014604866
0.322663462661824
0.164695068771640
0.189640237320152
0.254292601887603
0.584102110358051
0.904799325173666
1.737079352804426
0.348100407940280
1.128923863802886
0.142820679283163
0.262966345840738
0.175747665219003
0.161516597643724
0.239073612635901
0.648012546939221
0.818857926214045
1.642459586804537
0.326147148103093
1.026926223764632
0.124594753384488
0.312653701765455
0.168226852865112
0.184246419822083
0.237939707725797
0.759336649247910
0.850732510583807
1.651547229242478
0.274843627507520
1.037054881649303
0.189759939491858
0.242678160898276
0.148652034408074
0.211396358650838
0.244344289144968
0.663758861113220
0.794181750520318
1.518518888335668
0.364007699264952
1.226379803702822
0.139662820975424
0.271177623930622
0.182941159056517
0.190638572042845
0.286566528667656
0.711236178332085
0.765934887109187
1.433334842479441
0.353661744005496
1.181109302647603
0.172948411721701
0.330803040292332
0.160431685310122
0.193859363723583
0.237782130978635
0.598855138006860
0.685235229455576
1.470409079956256
0.316972568341719
1.146577807837980
0.134340122946459
0.282767479865403
0.175926468254221
0.208771073501155
0.272202812311746
0.706110848996537
0.840797740802926
1.490384558747522
0.365544978156284
1.016168677550096
0.141770644724796
0.318772413014780
0.187418277761134
0.213373214965414
0.285559566159136
0.722027610842075
0.900165088386220
1.615996225805721
0.353467099833291
1.024607220825520
0.167982186195568
0.284561354788406
0.175013748276426
0.155741205130051
0.254944064412918
0.647142746419183
0.780220073243818
1.439757419016352
0.347689722000422
1.166002184868074
0.149846966880154
0.325360477643812
0.169740367017201
0.228013106035724
0.269803097493175
0.857126448614998
0.818655442655772
1.457302939016143
0.313251470540108
1.328624299090358
0.120243490035165
0.276757154243476
0.146645872427710
0.198826537717295
0.275381608651509
0.754852910624401
0.729156043580514
1.793999037492230
0.344599754329088
1.135811537381749
0.148269635658857
0.347828662533808
0.161523534548776
0.183479647042569
0.248433698568026
0.728009141548623
0.671450027047556
1.655215725164129
0.336310486714072
1.186077529528859
0.161016032059530
0.282016965073857
0.154552728548219
0.220543885007470
0.310008457385901
0.645383505949957
0.727161571044269
1.969175023578692
0.342263699860129
1.040370181965496
0.169303280710590
0.311540124327874
0.148489994990285
0.206716883820264
0.269008955456324
0.786464938594084
0.804166504635509
1.447746789811883
0.290082663076062
0.998480514754340
0.134337238600990
0.283728317920259
0.160334775938002
0.210015395603912
0.237249912535753
0.639549026242215
0.751894231833037
1.543685342057665
0.290701608091101
1.037528983062624
0.155166381988486
0.343925598914747
0.193551121512508
0.176943111963897
0.244327905534376
0.752220688001662
0.779037597717803
1.660070072396760
0.365774077753314
1.029900484646379
0.161697590980405
0.364234027683998
0.169873748374739
0.209846705668704
0.255866448747212
0.733267026768560
0.683645986696051
1.198852572740121
0.313832170751942
1.062271284675503
0.156427411362509
0.305375291003984
0.152040744036609
0.201127977526001
0.228853135196711
0.786218293721974
0.798142779211657
1.636249986120265
0.376552499656686
1.066482670145848
0.184000917973399
0.228511157300761
0.185905249674218
0.189350294534558
0.280692424666872
0.848755282433046
0.753703251783889
1.469844242368443
0.313820158903014
1.274486564373039
0.156953000449898
0.252125903264932
0.164180626714365
0.180477564368657
0.273898599958059
0.814269384195948
0.820078176126078
1.672279779136603
0.343830353305377
1.093277916898632
0.156493708572358
0.236594832819632
0.188420744396356
0.218775075033519
0.259645804574221
0.639550561358746
0.748636401119284
1.614175218488210
0.328051277133699
1.228236185255520
0.149336274786186
0.303501521665522
0.135769634164086
0.204109999840043
0.297635014087645
0.797299496927867
0.893472017945379
1.686113512126911
0.397814509090418
1.024365803072099
0.174566928651066
0.287288025111299
0.175782497550134
0.176090744030362
0.306900467692592
0.794167352872454
0.773105670679175
1.580899732206576
0.331562557974826
1.016251283958615
0.161514348746002
0.326234438115489
0.153089501773310
0.209816607748243
0.248425017181276
0.768264381174966
0.845944513598268
1.611232702599262
0.265619662167322
1.037910803052038
0.165690216645978
0.288407660273337
0.167597000129155
0.213336781544715
0.303700161983940
0.757390478609094
0.785681519272087
1.696407869627697
0.320062824719820
1.082533015467403
0.139879685343685
0.261551256279028
0.179231788183716
0.173195590643753
0.270614495975273
0.773733833429403
0.837796148482906
1.380349425247182
0.343610984076396
1.122788650653479
0.165018825539935
0.340923792028766
0.174770793372239
0.190412197120021
0.229213751903461
0.808516012719882
0.765359199172846
1.827530860616575
0.362307044512069
1.170569800516505
0.172937453639599
0.243930055082859
0.162384688370652
0.207969854521528
0.231715641395261
0.632979049893135
0.842108480252218
1.690838974091256
0.339710044191611
1.015133030998109
0.154238288499190
0.303245333241989
0.168178526068903
0.219689256111260
0.256892077273883
0.832896607078125
0.848528266712136
1.392721480877757
0.310128940299692
0.870407778222417
0.153639588696224
0.340388356414944
0.159447059991779
0.212506211007112
0.276385938853409
0.668477105847106
0.687091752257417
1.503713529945165
0.315947515207948
1.206472603817128
0.190880981373382
0.258080436846750
0.161884180002332
0.184296856162353
0.263046032348578
0.703745791225687
0.741894192816578
1.610984111534164
0.361870213277549
1.196479983325106
0.146951308154845
0.330199390059076
0.151417463942616
0.210385226499569
0.266385220833507
0.661297839147901
0.753257910063709
1.674733289431825
0.334691846337567
1.076378488690356
0.148341138422790
0.250674033698964
0.171423682662168
0.196325703318375
0.273412655702445
0.693709983994989
0.805223895913269
1.864877478233081
0.358390148064207
1.101673312010465
0.130882167408048
0.343020463580647
0.167660820173231
0.232974107281986
0.280169290495995
0.707082919268970
0.899499754802800
1.660205052223954
0.340773374019076
1.209898559316776
0.141860404891427
0.264580563121061
0.148670219020003
0.194935305968072
0.260288300862752
0.689397394846186
0.739819527563519
1.749288292109111
0.297949598146553
1.092147469291782
0.182175970026761
0.242250312317817
0.156799234890355
0.187778232668088
0.268259714078084
0.656461992279094
0.797462081975965
1.531885007110207
0.251126600202040
1.028721246536558
0.162634126683446
0.207190114065404
0.179746349507759
0.221257199911953
0.324211689722466
0.580807266866798
0.761456285226792
1.593089958274753
0.328247801423227
0.944760513788077
0.150939588119942
0.302251440611416
0.162239936253496
0.200071903909384
0.264123032368053
0.587666696023946
0.664974354394124
1.600131073140159
0.356782524227084
0.942303207118867
0.155760143441179
0.277386287210419
0.183611687623529
0.209631312947463
0.294782141156750
0.776482853348837
0.680130252559162
1.561313176524833
0.297832686776999
1.326217274194004
0.144530967920678
0.272674486836794
0.162311895548914
0.183232644950930
0.297929032708631
0.649697793736600
0.755364027257703
1.635850521256839
0.345343305952566
0.847703208713398
0.167169453392859
0.275276393778319
0.158731992746736
0.220702650064551
0.277803435868013
0.719147228724713
0.848911453738619
1.448474616923142
0.337736065059936
1.159811798366415
0.165227105764745
0.322956818686772
0.159758411137080
0.164070899380641
0.259778045461350
0.592735650105525
0.939613865550693
1.563314020925505
0.382894484304802
0.903232761650393
0.154221893514215
0.294724836961614
0.138414774779744
0.190734346754307
0.273243922309224
0.774024124389649
0.758112322833229
1.401469358028557
0.309689185499572
1.060956495304905
0.176889785223268
0.341350510495149
0.130728468761293
0.193591335190668
0.299582256596543
0.629978048122699
0.720286112768710
1.562350402991316
0.312111608138917
1.079222929194298
0.161321799969342
0.240747229561880
0.127039221991687
0.213769222957197
0.246607903903969
0.675069126354171
0.732482746244447
1.812734656866413
0.314913697991415
1.115165200901004
0.184188374584929
0.303042041096308
0.162266631341036
0.207802106389106
0.252078417148572
0.594303862660110
0.842192711017987
1.710135679423241
0.333086446495232
1.038471732780304
0.177192202815790
0.297863701148470
0.164119368550835
0.185566488938989
0.265796115503880
0.693697223000684
0.865055968472350
1.391203500228510
0.320045976528210
0.923305010466125
0.142470265100553
0.339811745153365
0.159680172116296
0.220333791976099
0.276675610442655
0.660332469855354
0.770998009940353
1.492103093268192
0.348105552529888
0.954502170230434
0.166149716229160
0.331775593560343
0.170926270213980
0.205442526790647
0.275504306966011
0.782799660046790
0.792196774305472
1.555030340764769
0.314872548326980
1.058513708284122
0.177697861445133
0.285083299472505
0.156570184411316
0.193259302145971
0.251043049527160
0.622671928293958
0.787386839136340
1.355522395562137
0.286793979574804
1.321717092752505
0.152064605018428
0.274481946684346
0.173062088968921
0.212943767619087
0.267537237749849
0.604147787994656
0.752507973024303
1.805335562680980
0.366774843772778
1.120888312982839
0.159033357410492
0.272907035235870
0.199128711572263
0.202439061300757
0.230628458599996
0.597606122863320
0.836904131903688
1.492673133154114
0.334360334006314
1.071473726834751
0.170689358842063
0.268692131321794
0.182404775284248
0.175438040171003
0.270154225136794
0.705278826922011
0.779643270284109
1.718219087132550
0.362666766286029
1.122799645449334
0.159697347642587
0.366688336422126
0.167094338959627
0.208912863579559
0.255352769679633
0.737478392510645
0.787241230258521
1.491513711105728
0.270810942618203
1.104618380097267
0.138039137498161
0.319901760313516
0.150601224823649
0.204393115306902
0.239859092018588
0.611898602746105
0.737503368772132
1.372350033677066
0.298194234767870
1.021146610307287
0.164549747134539
0.253914302864542
0.176972479065961
0.195813284207921
0.279065802699036
0.600702541674163
0.749009874658913
1.571443534963384
0.330498781014724
1.240722297755524
0.148444610327136
0.276886088352410
0.157210175524165
0.199245707818301
0.211853662005092
0.673068667881808
0.623047346553836
1.363188092545141
0.320710479127163
1.114758330331934
0.181190649664350
0.285875370160314
0.165716292628214
0.207203423083210
0.289208276526413
0.770472977696835
0.825257853305872
1.587649971262758
0.300452992436448
0.854508291303289
0.159450024892178
0.282403004868664
0.178035035021028
0.171057652935097
0.249622625091583
0.691033273572981
0.894053778906681
1.635197958232010
0.319184743745267
1.024006488356463
0.150328577916125
0.259321428141256
0.138304974435462
0.196164715979981
0.276797487192536
0.639940946860538
0.826690658627627
1.666172867951983
0.314617714374484
1.118346641928954
0.140396415418459
0.282661449303426
0.176937282092194
0.216219052790840
0.244595010527873
0.811266874601093
0.805547139451618
1.800269380605700
0.298886143291482
1.302713959260294
0.117800651446055
0.241045145766638
0.160645661037787
0.178243911315210
0.271217080334805
0.879128503909971
0.757486752954160
1.522989022175033
0.341492400925489
0.940214313054280
0.168767487961338
0.296472067454545
0.158433555606749
0.179871476130987
0.273122521714932
0.702002691300133
0.723169347582938
1.379559376866007
0.308162769626699
1.049387890439496
0.145451759433471
0.256548591177074
0.129357772900641
0.184681669031190
0.182277778292664
0.546699420931420
0.745020717106951
1.388603829326035
0.348775113489819
1.119444918170559
0.158223612512061
0.295981661140534
0.160134375230223
0.243789393955307
0.269687183554892
0.601901368248351
0.681261855416676
1.720572557536004
0.313591264454463
1.023864600539373
0.155306679417309
0.312786187247326
0.146656269096564
0.181394712516038
0.235124768354575
0.683052493793977
0.756736446146415
1.614049136007755
0.320691204990564
1.129011589534521
0.163477046905580
0.380608555294145
0.176114733397876
0.201184214994655
0.211502638011283
0.638479481178111
0.742553732739318
1.404356053331496
0.351389107408303
0.871827296801425
0.140149793696963
0.318038319223641
0.162407195555101
0.191979188995558
0.272457155734667
0.703255769351299
0.731399879571358
1.493230865373770
0.332961169328613
1.240459101194972
0.129619096735982
0.314252391595969
0.214104869573716
0.226746722995238
0.273883449750066
0.699614613597222
0.738584413504862
1.606287277628068
0.338055009499717
1.157456236411167
0.157024785542012
0.276248572676817
0.149476233575553
0.201323090298917
0.295849550099000
0.652412972874472
0.791375256034759
1.687495043992069
0.336490054090208
1.265354974191687
0.157348983803599
0.320295378304273
0.193425894792220
0.203955413289539
0.287976246460580
0.744957259581612
0.799637348648649
1.452669052059630
0.332475795407520
0.996025613296631
0.157421054136035
0.329481292047008
0.154599917972959
0.184820842633597
0.261744666709952
0.741464880104774
0.781618041570135
1.671369924748993
0.380410131484999
0.974081790271411
0.137509334517713
0.235435160174471
0.160001522167126
0.171807872517831
0.238402802574929
0.787497219991323
0.870709967344304
1.740137026242038
0.342071531426350
1.116463010864744
0.135975403744445
0.316970308379395
0.149908859832664
0.214090258377550
0.288258766146186
0.712721914921807
0.649460551387569
1.537381340904246
0.312433686371881
1.111489099748928
0.164674590733830
0.265973341099221
0.146804015375445
0.190866901303509
0.241223733614053
0.746646979478774
0.845104009011246
1.431146642924301
0.320404278362965
1.231472572106981
0.166387282087395
0.292264640977155
0.176749654728212
0.211724862942742
0.227004482868566
0.760793037422455
0.853178646428741
1.448661448561070
0.339903738928489
1.077561690458768
0.141476695896795
0.299744473120897
0.154917272463425
0.218096002399509
0.239013095592255
0.714523292770750
0.593543338506601
1.415672236253879
0.353384415147774
1.003945379240774
0.181006523383384
0.311170431122346
0.139893933005250
0.229840884276209
0.263270709529482
0.669333207447131
0.764782971656228
1.459865826760337
0.354923695261241
1.106757424210304
0.142522130728203
0.280165317495587
0.184914939707978
0.178932106336945
0.246230380174312
0.714934123950823
0.781201701715594
1.482620153595866
0.291880968964526
1.125761403389335
0.173536711737484
0.296589233685450
0.183035458289146
0.172455950643150
0.278890081636070
0.737828032870662
0.816292694852470
1.670427812092388
0.301492792105045
1.184497710621482
0.137666053739492
0.275342978728552
0.167327887828307
0.201214169689568
0.246297704819222
0.873753833152279
0.703744384136482
1.600223116672475
0.342780757440288
1.230110909478801
0.139489371401568
0.301508392860916
0.128157994071921
0.235944960356124
0.319490543094648
0.643613524066501
0.733835890260952
1.629758655498111
0.265040119924576
0.926112546441105
0.143563533791135
0.288006602756057
0.161615163852068
0.224679224925673
0.258042018356999
0.702152297347315
0.802009057319587
1.336940311353828
0.301470661512489
1.130979594666963
0.162946293211520
0.253176123674263
0.167923238670898
0.180584686701962
0.280738204426849
0.806293003116129
0.800473969126943
1.440622010624053
0.315624509351040
0.997350128169377
0.137730868887096
0.302096054059718
0.152922129008501
0.175188843414046
0.299861799778883
0.649936264564058
0.793774387070314
1.616848452484302
0.326260073264373
0.933355653575488
0.159232287678182
0.293773699267843
0.171789306696493
0.204980036074643
0.288123562862320
0.856100644103320
0.795210314353630
1.516551581680669
0.341477474329447
1.145793462344830
0.147103170480794
0.200443924499790
0.166456049235505
0.165725139281058
0.230741822760472
0.694632293458337
0.928836539730247
1.297494695119380
0.310845816336829
0.989563702221716
0.158070519446597
0.257297014861018
0.167853276861203
0.200304241419037
0.297126838441706
0.820943699331059
0.858894813770525
1.725495385242628
0.321890770649977
1.159934428017998
0.169917106710273
0.213600625115519
0.174027313242084
0.221627346298480
0.250062504473312
0.726674567312424
0.939328525357391
1.407789989791995
0.326090903974421
1.150239939741057
0.150053678666881
0.280187596782790
0.154996583289449
0.189776346419820
0.265938936582279
0.619540527869052
0.799393685327523
1.750520395138386
0.307630671289726
1.013588165386174
0.146601338174017
0.302591171216888
0.169658066095395
0.196616132142659
0.236595252903884
0.605599537476699
0.809286086433555
1.762032344284646
0.338010024046813
1.195145348443015
0.113826672038309
0.346597247925971
0.187893205719144
0.166215236308714
0.251737948009614
0.602350796270554
0.698760982000101
2.230013542393927
0.306180421424833
1.319281600990154
0.152221428326222
0.313847088297253
0.154368266048650
0.204077796903867
0.297318384115447
0.669303063639097
0.855178320416245
1.243782987149258
0.331276330087548
1.156104140662695
0.163793946605096
0.293185445991345
0.197412836147529
0.158762321662638
0.244888652121216
0.656730578418974
0.691189345451022
1.635043942161452
0.299490599614528
0.950943927876930
0.146439907661701
0.261098579953878
0.185918210187668
0.191342731403610
0.261310484407449
0.594339256060877
0.708200958140878
1.750435945612222
0.363647451231748
0.915970117093819
0.142129442310616
0.271820155068794
0.158499788002504
0.156978063980070
0.245596399410632
0.598713610244220
0.756503567754759
1.490521672483692
0.325653914546777
1.143998616816329
0.114622564539765
0.285392295570131
0.140478618713906
0.203945400998169
0.243920106920979
0.673962425188136
0.708030687226106
1.637632642668532
0.410317638426655
1.403073116770383
0.169894592293449
0.292927859530886
0.142656232240067
0.196705370868585
0.211729825211824
0.695602575310424
0.646696875084969
1.505975448871083
0.326747916553369
1.172887098962073
0.148637769669483
0.299399343186259
0.153143844722237
0.193848092374324
0.248279039459947
0.644419900621231
0.723550974720885
1.481056969680091
0.291134753035369
1.021916675998864
0.170126727021580
0.250967705885671
0.139166714246185
0.189089817190241
0.264681295089330
0.662377487914094
0.758253080105293
1.685936761007728
0.320997151450690
1.088456621205301
0.157802225624348
0.224085178097347
0.175391710610577
0.226426611398731
0.276343635586667
0.682719765698178
0.748727903696527
1.334155406644503
0.294991588292695
0.937828348433380
0.151100939574740
0.270525304771672
0.169480547442296
0.202298891951732
0.260478226409261
0.745641888260450
0.839492142874162
1.438584041357954
0.306290467249012
0.986170735393539
0.116463175763039
0.306797202631005
0.191173758105462
0.212653007765508
0.283374547474045
0.743619860964047
0.740954745990956
1.535725684222686
0.259099341265152
1.071501757518450
0.108919275233991
0.260333891204022
0.253704887479650
0.130984903579227
0.194289526577117
0.340173571604318
0.105975522559506
0.207987905463506
0.221904802286266
0.235305257516292
0.097443760967580
0.300618480880053
0.228521976528124
0.131936927011206
0.236369298023541
0.346946245193660
0.106909894907850
0.240941454443672
0.188762861950470
0.264697020800109
0.111240359590285
0.179010622551869
0.216977275922308
0.150758899377577
0.243505222442479
0.378403017978777
0.105057941494556
0.224218114110704
0.207829313638789
0.211901659796411
0.112638218038328
0.271490977910470
0.194987446224427
0.145135323519635
0.225259958649069
0.445392855605593
0.121382929660365
0.234507649531190
0.215103752478023
0.275820620827857
0.111099332968271
0.194529516774828
0.181370318326944
0.128750870900032
0.222011893434167
0.373725395547089
0.103586990606480
0.253839250243088
0.190452909311185
0.275690081959482
0.132365288118927
0.315277478826872
0.241241608899692
0.142381700925951
0.242697981643474
0.380834432460123
0.127764923171059
0.265751798128305
0.186111424393420
0.317371547481665
0.112363758854301
0.296845120189565
0.225846327956031
0.156401456379634
0.270951557193616
0.408908321248508
0.119304076089389
0.212656364039744
0.196836850998314
0.235987557292511
0.112902147307664
0.249469917050743
0.240700797143709
0.129232903610062
0.230017931711282
0.402689431591323
0.109161849098378
0.265688084081585
0.195244419669246
0.281696931451822
0.106736222621738
0.276465907487962
0.195233275110528
0.128418072970905
0.280204876085135
0.342902512166843
0.110670582375942
0.254289426532994
0.218018351884900
0.305796489823843
0.111916110301726
0.343596473488973
0.261299586497770
0.152971733308460
0.287703043235414
0.368451835904936
0.104836348351570
0.261754783135324
0.226162914488570
0.298429672911041
0.093919093655553
0.279984739147562
0.226997982648934
0.113591073691275
0.251425867143692
0.407499774305489
0.121965867029771
0.202685408055012
0.192755841979250
0.259480423998804
0.104022401560257
0.284832121479158
0.190767153552218
0.142202258657435
0.252139315575277
0.408591872141276
0.105665874072956
0.266774235247302
0.179420282390843
0.268753368048696
0.103565230104827
0.298806954731122
0.214874795910205
0.128050051926340
0.282360190059994
0.331387190277609
0.123118897226811
0.200688883673822
0.207394692734585
0.278461053298062
0.092834203121718
0.253825146127800
0.206026598234134
0.122548173675335
0.272855806248705
0.370274293246021
0.102895720548223
0.251562826731293
0.186624750306111
0.291511110731867
0.099312430428300
0.281277929882992
0.222443664078281
0.138929215016056
0.191559650577022
0.348791326542452
0.103907884129211
0.272182605532245
0.250944656520552
0.331669652261210
0.096478844998138
0.262996955910850
0.218524710082987
0.126883954824409
0.303680196519417
0.386330438994136
0.104203005252106
0.264897272253987
0.200731115418891
0.216063043195952
0.101969798236564
0.260804721336301
0.215786319278404
0.159907612851305
0.301932646366671
0.361747282181662
0.117855955618653
0.265130014245804
0.209175078038406
0.239086645628554
0.104517552309796
0.250984893788527
0.198527380693872
0.126983828201717
0.277745879397578
0.418700187593850
0.093891843021029
0.240994010591520
0.179957081913804
0.237567665574269
0.086109119012611
0.232979055417689
0.195331488196055
0.123552002548689
0.268657639978235
0.420349343108121
0.102306085243652
0.259534774055658
0.203170488620236
0.289787952541897
0.119823944328285
0.198206658659719
0.230214983671199
0.139608960791331
0.239612197105455
0.319598748484850
0.098108837984706
0.241359378648803
0.176761075271854
0.262271392729452
0.091895004267681
0.249452536790824
0.245757328754562
0.159066863575291
0.281603919558208
0.370194362209364
0.111089868971267
0.261373740822969
0.215069173353592
0.344253589066859
0.120344054086434
0.291264322289757
0.219115162237317
0.139828902754351
0.239828783171333
0.324001462261902
0.095464256281073
0.285310841824477
0.187347685985469
0.290493068942754
0.096832335522299
0.228368760927874
0.228821071850687
0.150358584474414
0.248868697447872
0.368704436102696
0.112382060521612
0.230592096485297
0.176561325044818
0.302397344549058
0.095347929622429
0.250860410051782
0.203629153815120
0.145411321432979
0.271819845990595
0.344400378303306
0.130617165711299
0.266347304640949
0.205753543597500
0.283085353839357
0.109087862129794
0.267667191761868
0.216093634213507
0.122599684931208
0.254488082063097
0.403671866958819
0.108844896328099
0.225486760348207
0.180933622731429
0.268349387856164
0.107273858971803
0.299232601604457
0.178559842822508
0.128096379734974
0.272551253688377
0.346588271031236
0.104766695354145
0.266133358486756
0.167914159688416
0.252072969440691
0.096337167252751
0.211162154328017
0.204722028136738
0.139299145450066
0.215290901296454
0.445969439768100
0.106938903607149
0.300038469836709
0.199562171193680
0.268085224347215
0.108285012695803
0.302163621922862
0.241760365255171
0.128318380041196
0.225790024667036
0.433863939030383
0.102417991588595
0.246700641123257
0.192504452817574
0.275166566595132
0.095237432736938
0.234443587713240
0.236324345077030
0.127196965600916
0.279180484974214
0.384511151426219
0.111812059895709
0.252224526328595
0.201810986727417
0.325840181539284
0.104581180272541
0.286301855289890
0.234878957957641
0.133094729296326
0.266761113547986
0.381551945661160
0.124683753987217
0.303012299180242
0.180122718631481
0.271416195675196
0.101757031139333
0.257456582508741
0.273643857930760
0.129874639080898
0.218432375737754
0.449839803484099
0.124686866120387
0.225497405399860
0.161075239665423
0.257822577575090
0.116782714612654
0.216805022985559
0.221022326986701
0.150232547298829
0.220120118284866
0.337206992503384
0.107744267675596
0.236516142661422
0.201013268764640
0.293227566497617
0.106006804232888
0.287735717432893
0.145186424828815
0.143720571902802
0.273799887744243
0.396213933580697
0.110866718819633
0.225786062787441
0.210395252835770
0.268939306984274
0.106494265230563
0.244107908026339
0.200013608278238
0.132640998364593
0.259972723538719
0.312986538098208
0.119100659758932
0.233112532053000
0.182412852070619
0.247085622978138
0.112707671717099
0.286638914018344
0.196122728363585
0.133942372957902
0.232677765512788
0.368461908421310
0.098590692782591
0.246008781416869
0.222814727048758
0.307440720883714
0.101505569103015
0.233171985575517
0.233955980326949
0.136313895201993
0.234317248358451
0.313312745215991
0.131539391505745
0.221392978424547
0.228717929089475
0.264067386226532
0.144331324777961
0.256485513965747
0.215271671156904
0.156459537388157
0.275291278801347
0.373490735156832
0.111137327410008
0.267668750359766
0.157408282194504
0.245071714764945
0.111070836760939
0.255035638063273
0.201320741679258
0.158436823482205
0.205942424620507
0.399978888777117
0.091898525223120
0.285334713209267
0.191224826198399
0.321146116782719
0.104211752194462
0.275423669602348
0.217635143716184
0.127976341781115
0.256409022695434
0.349716128533013
0.126679823439613
0.260995985644656
0.219831706242426
0.268335190272106
0.108191081202365
0.269614636433781
0.206790519736893
0.146143186436923
0.287856472391748
0.420171992033111
0.105183987217079
0.224311667915882
0.208395625913719
0.283640937536457
0.100670766759975
0.236123219469108
0.229825087992177
0.143820479500976
0.238832824595511
0.444661248015801
0.121185217661771
0.317894467248625
0.192508384926491
0.249833703877603
0.105100015341800
0.252703215169556
0.242671193323893
0.143214645601952
0.253305568970084
0.354151085664269
0.101299960538693
0.264450508093621
0.202814283449983
0.233770951249931
0.102927928744845
0.261313601163110
0.187528137912058
0.124889270729003
0.219636553770516
0.367270161591185
0.104073785814077
0.254379185010796
0.201163128690165
0.243433778157499
0.106696232148354
0.231192549616576
0.243288273335718
0.134032898475917
0.277194212979186
0.391809887894285
0.122242681152239
0.271254158922539
0.197534560918182
0.291144037196804
0.099764385176911
0.261075995444658
0.203756868386840
0.135213440852649
0.256805143184293
0.467378914107029
0.111841559981877
0.282432300245026
0.194511494132087
0.305174566763468
0.088589468939405
0.241221614489055
0.229543742705605
0.136431945591408
0.276325457998511
0.319880800900466
0.115443731490825
0.236210522479160
0.249873788850505
0.302152845577143
0.097404129706185
0.226265025038667
0.208745471855803
0.143560196434076
0.282743840073856
0.350893219293338
0.109431070423615
0.248933254919831
0.151685394402640
0.294964612190062
0.100787978986794
0.238533295686994
0.211438596393098
0.101998274570661
0.317336067516822
0.404278129490955
0.102007189081416
0.275254327851295
0.211471425260210
0.289244727549301
0.112229626176709
0.290690350252557
0.235938305703148
0.117649634023444
0.241256062266166
0.358945919059830
0.122419791918796
0.256670859274089
0.188514796742602
0.303470124257165
0.103807102189605
0.246564780428576
0.225314809172762
0.145275279664341
0.219053271366584
0.416797283830568
0.103774474246488
0.328981219705081
0.215823834920881
0.280928316411979
0.112466648971722
0.269882982161714
0.221813502538500
0.111706741870081
0.277916752193706
0.397198017725217
0.106878481428521
0.238660034123556
0.220976733767705
0.306172347204118
0.111896348639489
0.219803886580589
0.238482940042125
0.111732216244592
0.261217378008116
0.345666077892560
0.107589152941644
0.233773135693663
0.168817178288423
0.262265472599305
0.110726560417765
0.254937659576793
0.192849890325701
0.159660945637112
0.211153565781442
0.412160070660830
0.111202494388262
0.257322137272048
0.183263054307752
0.265819611537279
0.104508100562481
0.295727228394066
0.224660383724020
0.142185775172749
0.264807982329315
0.354428026184959
0.117858730316435
0.239969880957688
0.190963484488333
0.250882245041292
0.109317748582528
0.281360917697499
0.194320354061729
0.132954840762351
0.256806295543921
0.316033897934572
0.118284224608779
0.272304596246959
0.180250129185901
0.299759100603881
0.112374204882487
0.274313563662024
0.237950317094610
0.115065868322363
0.245079229092137
0.363497158471912
0.095834852942383
0.258310547992144
0.213805052688883
0.284896425439614
0.097471609998150
0.304998630634855
0.211113312312441
0.132797683296737
0.220262567594386
0.335196193203236
0.117508249275429
0.305094086722451
0.211668997902402
0.261720499796471
0.089668317971712
0.285324524037289
0.204238646655233
0.155316951218230
0.253700116723776
0.372991463977675
0.109438199167908
0.229608856136707
0.190451921408640
0.285313347069674
0.130478294085861
0.270319533504907
0.236024439177922
0.145115167843788
0.238384153791661
0.333527092764828
0.119718375808468
0.258820166048535
0.182079496536749
0.238725385533962
0.106641236326052
0.241290173297588
0.222450405810388
0.149054254623914
0.251622386479949
0.330930243428587
0.114774068778810
0.257166969180041
0.185750353677510
0.263042525800371
0.103788276004028
0.256023770951985
0.213365453491056
0.125755516015214
0.303464490017336
0.402267534124676
0.092308923362961
0.244218181442852
0.178976192114753
0.256630076216689
0.103802980675306
0.288162530135272
0.248221624287763
0.137081518777908
0.261935620221451
0.381931916433267
0.126317154086715
0.315933927642006
0.180599200371586
0.293808426579927
0.108910480137428
0.288995587987558
0.249313487177097
0.127069700104478
0.279240759309949
0.396045042023665
0.112034310453927
0.286508618987460
0.258921423314944
0.309373569242148
0.109662107057486
0.262654940069465
0.171053415869496
0.136546794860124
0.294085256169684
0.344261533524490
0.116941301135109
0.250204580861763
0.191092711650542
0.293336989845395
0.092188326315591
0.256143063965735
0.222282697480790
0.125045139977667
0.262884846675579
0.365524071044229
0.114929678926332
0.291413867313399
0.183088281427305
0.268110614020815
0.113240913470899
0.279470495020667
0.238409046096757
0.126032547696637
0.232762984240656
0.388119768295775
0.115706901804614
0.248560346861994
0.241474740547990
0.218026544894017
0.115999428108638
0.271644273946165
0.221892356431772
0.139629020209866
0.252745526546284
0.340532459404651
0.111275397436173
0.247611334794146
0.201580284476945
0.276272412114629
0.107885386807469
0.219661327848693
0.188831889668359
0.148307195839736
0.255023129700726
0.309567217966538
0.110097956215974
0.247048939767638
0.228141308074273
0.286114909663570
0.090861844027388
0.262406798967820
0.234910616603107
0.129501115228381
0.229376437467438
0.364499202731871
0.100570080280084
0.244874724020141
0.209688850778264
0.295814902162424
0.111558344049722
0.239565837031465
0.199840872437333
0.111448745751424
0.250876933194225
0.380658871163886
0.097285355803165
0.208395458276362
0.184311433480145
0.253028552523062
0.093867838462799
0.258764184346007
0.197091656640091
0.133995938233858
0.294934024613096
0.342382464821316
0.075546256800859
0.313334802666391
0.189801252288923
0.248348266818018
0.098122211400550
0.271207637783017
0.248873945794698
0.136610610889370
0.296079664015478
0.312165448140132
0.097465250345114
0.340093011679676
0.203953895859121
0.296042385606220
0.095126047215961
0.214199754890045
0.210520775844248
0.125811770569916
0.226177782888143
0.324578540814063
0.104487907384147
0.252835977405867
0.196771085871198
0.276455572900865
0.112181586624977
0.263427471460795
0.194952653552898
0.113776725575601
0.263688798856699
0.400235401744476
0.109520035574261
0.279526883385320
0.189928904657716
0.285719891297801
0.111090879767809
0.250427762271381
0.208562192764007
0.110974200616866
0.217705947540222
0.370706056865136
0.113945364272016
0.273507616028523
0.193171274124877
0.265292279397088
0.095106556892263
0.246070318620695
0.235549219429010
0.149287721454564
0.258128211992558
0.319390906626425
0.101385703738983
0.213859124368573
0.198504349361403
0.275639019009690
0.100143464932126
0.250055038645181
0.209893896961310
0.132654255214562
0.283349561955324
0.338090393873876
0.085908262959280
0.267378995543685
0.214753026948874
0.283182837707429
0.112780292596445
0.278658040347719
0.215770847384302
0.119682493398460
0.245192576143876
0.355261629488045
0.110993281411977
0.260105562651057
0.167667115874943
0.283290186964391
0.105074828534208
0.289942752413473
0.235533582114510
0.142095841605077
0.271801666145902
0.352598628883842
0.110968873231512
0.242410569840305
0.214479456133995
0.255694814527229
0.111945870237965
0.240184453724400
0.201404484710670
0.145093945124251
0.231247662860124
0.482901745113524
0.084941547614100
0.275188293385238
0.184667725624092
0.292145457116714
0.102412036136580
0.310332976147130
0.210133151515972
0.141762002839452
0.285697090181922
0.409956733069045
0.109355581305571
0.315929470680160
0.195698469208791
0.279011948780651
0.117421009840083
0.259918171546948
0.232310601028509
0.131292219069315
0.241867294357750
0.374074395918012
0.096106813519874
0.249942539887881
0.225750418627212
0.294742207734439
0.104999136441626
0.249550107284495
0.212328869641497
0.143336102794493
0.232323016939335
0.403137958666276
0.100169560410672
0.261056089174388
0.163248010022413
0.232596151710167
0.107525294679161
0.269246753105918
0.218622863279169
0.125904730942524
0.234409471733915
0.405198037487723
0.105199717057509
0.255623126443983
0.210457872686526
0.258607598217188
0.106039027759931
0.265421997799365
0.195742286461075
0.144451887216180
0.244707792662806
0.380518707399145
0.104476270069133
0.210163242940702
0.196749304836421
0.253621935091501
0.097756971256997
0.270864310596515
0.190987849883002
0.127224397039037
0.285646985242872
0.373312744101812
0.126967972409647
0.231442018161053
0.208686016340167
0.256629998342457
0.108006313455644
0.277945213781029
0.216751855979160
0.122053609903719
0.243455046783950
0.369330732733678
0.099493691457226
0.272149228897957
0.200404433161863
0.311247334167503
0.107493180561909
0.259032165469413
0.214615998297122
0.141184054382551
0.291905298740918
0.390810909368823
0.109266632262115
0.247974761715457
0.230619993926039
0.321481241880114
0.101193711090434
0.256602335404380
0.219444046756990
0.134151273634843
0.232380560146189
0.417512798791651
0.115009188990383
0.291467512881014
0.186620322622448
0.271834648981741
0.113027153889569
0.260831558921486
0.176985620788563
0.153105984819540
0.286290985332784
0.329129498984404
0.107041116674356
0.274396356511425
0.199141431216090
0.335955388338597
0.100354020484215
0.259464949855276
0.211742247131619
0.135074855543700
0.232104592763072
0.373360936785090
0.107784694172566
0.276296626213844
0.225037646051507
0.270753319519855
0.108980578487476
0.266279409572437
0.216608458918345
0.140838389350203
0.246704097224436
0.389996399616804
0.117659259409795
0.295699535682388
0.232997967430949
0.276762813483256
0.094315045590282
0.261501181688013
0.191913622294300
0.108541372258637
0.247879001123186
0.349320612888276
0.124636117234712
0.265397800419605
0.218719147770566
0.264960790264059
0.097514958010222
0.251484309971591
0.168784473524528
0.143302443654519
0.305551770181280
0.341710623035061
0.120296974124692
0.250225411373886
0.198882670512977
0.313770732172912
0.105713155341992
0.287315173879148
0.213955807112955
0.117452449173576
0.263532193653523
0.358914204922408
0.116713233725783
0.276480337608739
0.184529848595016
0.260680751080768
0.118933315137278
0.296288424700249
0.236985771995204
0.125174534864503
0.277926144734825
0.353200663613365
0.095573120655411
0.260343809544469
0.191695240599035
0.271765361478899
0.112176042262684
0.245672708687706
0.206894814738476
0.122351888174964
0.243181754149804
0.364301102325086
0.094650700942656
0.245338961722071
0.178788025076271
0.312353636470030
0.098088423938581
0.269471855330695
0.193724025477385
0.137880555538445
0.238070416051640
0.379268764707216
0.116204769024068
0.243636532372511
0.218590186050964
0.211613051513198
0.104454899941415
0.233268891339178
0.217311392139313
0.135278948473288
0.247856376296558
0.328929400164236
0.123061453040368
0.314556025587337
0.197433158761514
0.235847534528784
0.112273618456783
0.271440502121906
0.226731362160131
0.149602524182969
0.283189813847161
0.359958967436694
0.111033584319857
0.264762399212113
0.206762222851450
0.263767840287895
0.104537565060213
0.265522344636201
0.246054617691900
0.131708829355774
0.251816107136730
0.394291395365100
0.106501857646714
0.263707492869962
0.169699512121704
0.234345634846711
0.106429495805586
0.277960066571109
0.260671568689345
0.145505678466960
0.230705341282691
0.379703215533716
0.091596782670342
0.331355997793145
0.210751358772363
0.285457212216929
0.111058647833478
0.253036309580602
0.169014995623016
0.147201507310710
0.216837488471505
0.413184242916850
0.093127314297899
0.276502466447296
0.206875647345322
0.306073647610139
0.108005932161573
0.322286862632979
0.206607208783229
0.141913874177035
0.221753440565741
0.342930331109506
0.109509906406888
0.250800583595761
0.224930374852993
0.272804268261378
0.111994038739630
0.273256132180917
0.210425244784489
0.107142848346275
0.225974115660236
0.361132767410569
0.109714097839878
0.247175605029726
0.187192426442782
0.271035847540536
0.111108767822508
0.261054633770414
0.213337677716154
0.106858933489248
0.238073256286400
0.394165660478240
0.073092551382418
0.250855068627738
0.190204589155951
0.214211224107151
0.100018481793377
0.221507847937660
0.199005233415991
0.148475831589665
0.230137876115192
0.380004741167719
0.113556779580248
0.245797254883719
0.212770417788539
0.247846946689519
0.113329683181431
0.286196185662511
0.201915503641964
0.164396104447656
0.232716958514309
0.335569309698684
0.097798404630962
0.271862362940579
0.195054182066218
0.266711812376946
0.099223471714188
0.271097605840549
0.190715119602966
0.132484566018513
0.263164045716431
0.340496038004976
0.110771571260237
0.221311483511400
0.203650038084087
0.252283647805872
0.116946967359359
0.287732205510687
0.227436572664317
0.146452740204620
0.274961757473367
0.369795576400834
0.123803362333217
0.225263640424512
0.213835281859492
0.266145151255382
0.106617727735764
0.271680501731813
0.201482267464428
0.132822796946825
0.243147746324586
0.370309753807920
0.134259556194364
0.271975239606824
0.192536461609729
0.287290855054873
0.107158598830633
0.269398489060868
0.202002235546742
0.113977757182203
0.244505513843513
0.352620122638087
0.129986071305654
0.271917286666162
0.218613434737162
0.292381764489797
0.086993117036319
0.248923160938308
0.245963414348866
0.150001103462706
0.240606353629008
0.355637254447899
0.110784036779847
0.257899698189323
0.203846601531497
0.281675452179307
0.115377098261511
0.262082839534216
0.223024673258362
0.126355497243049
0.276039259037796
0.343164573761224
0.094656081884152
0.263389057289629
0.218667002738212
0.293690215281043
0.083889599626975
0.276127477085749
0.240455682783758
0.142442914313259
0.259674691091877
0.324799855210477
0.115199112569653
0.234849967038371
0.159070464846651
0.259999168113247
0.094820334369153
0.273450941266117
0.195706779981886
0.130364729300072
0.245278965947353
0.391135120583202
0.111637451296379
0.254857435081567
0.198863925927514
0.290523071708693
0.116278978507538
0.241238836691188
0.226881983786169
0.136126134381686
0.209120918625876
0.372178077599138
0.102985525533361
0.231508306400158
0.204932488199387
0.258980807019254
0.110313960202803
0.269532812635437
0.180792936722733
0.115758387904810
0.231829479568750
0.327209181227197
0.103263888005984
0.247302380839505
0.253601564147056
0.295535052177841
0.101719520240949
0.248447793874182
0.241250950104115
0.137393173961693
0.244407871588628
0.407950590281838
0.113672174754044
0.290028219329502
0.192910124723400
0.247533281376640
0.099914308265302
0.244951989192960
0.268485389558198
0.132947008297593
0.233910202776779
0.358655680904394
0.122269289903343
0.273791615668859
0.216374175030550
0.274564249229910
