0.050000000000000
0.050000000000000
0.050000000000000
0.050000000000000
0.050000000000000
0.050000000000000
0.050000000000000
0.050000000000000
0.050000000000000
0.050000000000000
0.050000000000000
0.050000000000000
0.050000000000000
0.050000000000000
0.050000000000000
0.050000000000000
0.050000000000000
0.050000000000000
0.050000000000000
0.050000000000000
0.173632797840027
0.327282086625228
0.172684734793878
0.204072997516854
0.274046844950067
0.485925430386141
0.824160987154030
1.464416459945026
0.379371510568561
0.969040902793006
0.154417352941616
0.275270495360447
0.184285190847109
0.180075316850696
0.260712710392884
0.727557695678536
0.905657272141382
1.497966568849366
0.337815959039335
1.157351580611849
0.135362327197154
0.253608397962225
0.183750190632165
0.214010416639447
0.261859061699444
0.533621304356971
0.765443686822768
1.725573232659867
0.343656931334332
1.063030434298559
0.152516881009977
0.300381815134020
0.167444466912145
0.201876586614617
0.289010797128356
0.753535211844538
0.872205950196766
1.467774298256599
0.288978917409222
1.087123301937826
0.150397248485885
0.264189298324595
0.142378400983873
0.184953503449811
0.304416077278500
0.816608062336026
0.804918859505994
1.476572168032741
0.329013219714929
1.185472493884831
0.188467831530022
0.279425777246633
0.152761580411908
0.195652069579795
0.265544212210105
0.721863107268612
0.839204464320365
1.580765834609517
0.313512150161057
1.103646884671885
0.163813076129124
0.372364312955882
0.180009267671045
0.195177218887219
0.286974747808048
0.756926791771115
0.808684832490667
1.459946314956244
0.334605894372257
0.938973526054314
0.135576851379160
0.315855003785881
0.183386389216843
0.227754219001081
0.234987031582709
0.670600115599879
0.818883042810436
1.254463448776602
0.329269554992485
1.364507439366621
0.175952251094070
0.310165171780841
0.189039285087457
0.164998540130299
0.258018298819101
0.762886805225182
0.877476728266483
1.680635111059992
0.317341457370740
1.118444890358533
0.140668407012648
0.281644074359762
0.155484473957012
0.203417673612905
0.294270193631669
0.703093597102927
0.671930542221332
1.505182905488607
0.327053019789120
1.320875467614593
0.158537615463629
0.268555164799684
0.146472767391944
0.217165723108017
0.266959011129506
0.666842054921133
0.636275632328340
1.543087472933631
0.266329061392124
1.116877124183304
0.154281112314795
0.284510655634344
0.169059286451489
0.249117622255846
0.266570210399337
0.554368377843090
0.724017303147915
1.605053336256675
0.379421434727693
1.090920912015062
0.128558542071426
0.252733066492911
0.186980958455580
0.179884459517631
0.233411928937846
0.733766330217324
0.720629118430767
1.751843852896873
0.352052780522066
0.922617945398703
0.174930889626750
0.321352496091641
0.152882402437268
0.177856213981717
0.228434881232723
0.757343858319738
0.773271321747950
1.578194861945192
0.340500082184317
1.021805515858482
0.157507654150737
0.317616961553749
0.160348794782565
0.184787764837733
0.257010756221493
0.647861582812177
0.740414347704950
1.530816318925089
0.323323012285539
1.225734770343035
0.154808656233946
0.282840590042222
0.188876363228312
0.200690307154563
0.256242275618124
0.833728011998960
0.820109771043889
1.636794378642987
0.317935602789998
1.004384167742342
0.156003356326669
0.265751952510143
0.162071281680586
0.196864849741135
0.224689723893722
0.704118697427957
0.610110199123995
1.749887374001832
0.363622038904532
1.000423594956194
0.132878822819849
0.312582099819071
0.166281310038975
0.168753557783316
0.266153436059266
0.617922731294731
0.880966587371901
1.501276833646545
0.305726576247431
1.128219446152171
0.141118835342009
0.296483316234067
0.151747542335605
0.218275133675750
0.246224145389196
0.599516298843743
0.835164466630791
1.496266219322969
0.354822169550494
1.032023645712451
0.169279356541130
0.322773636144794
0.167366533652678
0.193252541117419
0.252252877164876
0.746740825684624
0.743278622739390
1.547760746973045
0.366126785447199
1.038118797468517
0.098812601817344
0.238343333483799
0.216664599308662
0.116915435368362
0.279847070998829
0.390299229941206
0.078894962562292
0.227695321219399
0.214618252071995
0.278135284771429
0.105962411180631
0.218435812217632
0.188061223384494
0.163503404699544
0.303035234370655
0.366823382603498
0.089884929468803
0.218964716591393
0.205559708016404
0.270051258310636
0.114877874452057
0.222500698855397
0.191205109374571
0.132444026742898
0.265835266631041
0.359556086677553
0.128426597793528
0.261455455849650
0.206117169353674
0.245347541764508
0.105404675027097
0.287753578093058
0.190342486845699
0.141292012965479
0.228530286308615
0.366911449182124
0.116771643479163
0.260913063073779
0.211141888276585
0.281791289947927
0.094995985547645
0.298212274150905
0.217783411255751
0.125748519320761
0.235151478812106
0.329245589017764
0.117953519885252
0.217195204296325
0.220943778873027
0.248710393639278
0.106921603112230
0.253894427116826
0.242498292505293
0.149182791176395
0.279088770073113
0.435697347067469
0.103463345731826
0.278086000811417
0.229342079873012
0.245437063653095
0.096524328700597
0.278582880991776
0.189811573350636
0.126301274953476
0.287111830177981
0.374434852276363
0.118760254594035
0.327496698854956
0.186625599938132
0.258269073731097
0.106873016934639
0.255979166275250
0.210710421385398
0.126809412490452
0.272611214161198
0.332395175992168
0.105826455871503
0.277600433519968
0.172413290542563
0.300329173951313
0.119330518432454
0.265416795676381
0.188308455496755
0.120822712293562
0.267434776119127
0.490431785626906
0.123255199387882
0.273637165843803
0.208826710512751
0.235519707055415
0.106426937995223
0.349128427506217
0.204262199892390
0.138824659890145
0.226463911661713
0.333429022231041
0.110552177752062
0.261536083993967
0.169615409229728
0.263720594726407
0.087459730675083
0.287938908408852
0.245558272595978
0.124538619678808
0.189679971817218
0.330037039839369
0.108610023154865
0.254238834329759
0.202517072703013
0.238383915870790
0.104081376109552
0.262039260822246
0.203969239799276
0.130965379423142
0.263773382931518
0.309133596046696
0.101354542205485
0.299486000242060
0.187797354388195
0.244162405338133
0.098733309913333
0.276021210852038
0.230883601378509
0.153893410205472
0.207428485859291
0.361316713582894
0.109122213571807
0.304206558547215
0.233971402431540
0.287874864010050
0.083718900036437
0.242535321654828
0.204072651783088
0.140700963606428
0.259621629595891
0.356424241025519
0.107036159625034
0.265412921503648
0.181966676714299
0.282571858942562
0.082350325704567
0.287345096594699
0.227375087735475
0.144001648005388
0.211069396649194
0.404791695570952
0.105691411888951
0.280968611522610
0.221678792760777
0.261589847414838
0.132487981591855
0.257629489725794
0.224590368865728
0.124243464070418
0.272624915605781
0.427899190260264
0.125483490278088
0.238323605576546
0.200466550866499
0.277058348278759
0.089288943346802
0.324418970486939
0.211176689588827
0.133456257172525
0.237863195576165
0.351496191723661
0.108669777552769
0.283564896950563
0.202550400403676
0.325288524882484
0.112859364863513
0.282532316325309
0.228272234156135
0.125199107980104
0.249818834336555
0.411745481234665
0.103557106169789
0.254718801752790
0.209336779043131
0.219565821603965
0.092046565029156
0.247928890546626
0.210168604758819
0.126819912351838
0.230487692439366
0.429920456631846
0.119960160378426
0.242429910722196
0.225530015348913
0.265990262431377
0.106883487830896
0.280934685483345
0.208464194387988
0.128928914952658
0.246610648457479
0.354827575894806
0.107648511517427
0.243324923843102
0.204345046293767
0.301567491910452
