0.025000000000000
0.025000000000000
0.025000000000000
0.025000000000000
0.025000000000000
0.025000000000000
0.025000000000000
0.025000000000000
0.025000000000000
0.025000000000000
0.025000000000000
0.025000000000000
0.025000000000000
0.025000000000000
0.025000000000000
0.025000000000000
0.025000000000000
0.025000000000000
0.025000000000000
0.025000000000000
0.025000000000000
0.025000000000000
0.025000000000000
0.025000000000000
0.025000000000000
0.025000000000000
0.025000000000000
0.025000000000000
0.025000000000000
0.025000000000000
0.025000000000000
0.025000000000000
0.025000000000000
0.025000000000000
0.025000000000000
0.025000000000000
0.025000000000000
0.025000000000000
0.025000000000000
0.025000000000000
0.180925721076939
0.299688333945646
0.169103532285538
0.219511929555838
0.286872138054267
0.517826297387085
0.745536970286372
1.478972670118447
0.291258211802697
1.206288519007109
0.151244316084295
0.310928209699066
0.164737803505432
0.231601903441643
0.218163163216828
0.733232933421575
0.727428541513342
1.376386857598807
0.299095246940044
0.961043133497800
0.151079415552401
0.302481981273331
0.154928239668705
0.180363119497502
0.245229626571075
0.811543853435421
0.944223301930566
1.567626608832328
0.327756326496736
1.105083961987852
0.167876089606783
0.285383204497062
0.176040594120465
0.215311259238918
0.284349416552698
0.684566280195096
0.681964042587730
1.604332957292089
0.325249149119614
1.008217901784040
0.182649046364145
0.296954308670108
0.148792736371063
0.193377157926452
0.273589413040922
0.711241803274211
0.725261636472082
1.488306654742931
0.288905398870386
1.084002153685916
0.147428025008476
0.332107665196018
0.151638751393998
0.209362421289439
0.291438929243980
0.658199242684559
0.889709892262342
1.631069200076045
0.340289341590608
1.005599221818788
0.145275586374062
0.300117994468142
0.151496141642518
0.213668343553799
0.217113020981955
0.716160684521564
0.605664363749886
1.556000123634535
0.261541643270493
0.937180310785748
0.154419248686630
0.315581793358045
0.161467867484292
0.198940721548862
0.271597645562115
0.807220660382591
0.769106752186628
1.380602184036083
0.325874509236842
1.177580307202031
0.175564432577407
0.338048547770425
0.133547674845300
0.176959520775090
0.250637996213747
0.727460554882202
0.703211129360738
1.462002318653717
0.358773390410050
1.130588834788088
0.177512808893847
0.294772116903879
0.164535933532282
0.240516233549071
0.268305774877062
0.699728511800309
0.814189395888074
1.907188262137993
0.298256557797213
1.140236526697640
0.135630527462343
0.266210329670386
0.154596497571930
0.223933827154684
0.235032461073131
0.750702796441471
0.680525905604937
1.510864361876045
0.300204884597743
1.144952404451958
0.137646272626538
0.244060727579135
0.154830521308346
0.207427682553851
0.274583704408263
0.651307232450854
0.743804989181972
1.681130374194022
0.329505282901763
1.092142953053704
0.165692597436493
0.253094901879116
0.143508210673966
0.188737835423888
0.248397261446326
0.774400594714455
0.542115250029962
1.636370573791951
0.324093507195024
1.168908045519782
0.152697112115488
0.236654416333649
0.182415929059490
0.166545849623815
0.260147355572841
0.615775260381747
0.875215237878786
1.166083592458149
0.367501738467833
1.186244092183890
0.191473334177806
0.280368464889238
0.168563097626043
0.194621692526543
0.243184306871913
0.682263652256963
0.689072971440957
1.445022395946751
0.336762960750847
1.020487351907037
0.176414807826903
0.272461669274831
0.170914284496956
0.218015052406251
0.245978582663368
0.498174276990591
0.768615753826628
1.687601874354845
0.325600621966986
1.117791809049365
0.157684289372888
0.320023770936183
0.168739392051222
0.237098387411863
0.247739090417217
0.637905036319007
0.772585298018195
1.672649022973920
0.352837618097809
1.148774647450532
0.137092593695715
0.315445609123212
0.155570088600731
0.223151009256978
0.261146804778116
0.733832139927429
0.631749016068566
1.766023498335820
0.303191937835150
1.113657095605099
0.167576777873738
0.255843464699268
0.157466038089076
0.195035607786325
0.269312710246541
0.662713049145652
0.677746398958654
1.736729141025272
0.288416964255231
1.271736604687423
0.159946317367436
0.228897771912715
0.133574238625605
0.172737304131082
0.236545713441836
0.689736664278914
0.830206054143056
1.548410013602437
0.323074234000943
1.065952621874396
0.151597634364780
0.266952258956409
0.178261881748994
0.196678914824969
0.236506533758277
0.672271309935741
0.781729971092597
1.816468198821997
0.331443596565343
1.004098927646568
0.156050217341037
0.340376229040451
0.186459496390104
0.195647867475328
0.274955658732122
0.594985831637760
0.752575360710255
1.560485838131233
0.327569137582333
0.968537115577446
0.146390076221278
0.266786913080353
0.168107434838019
0.227679464380209
0.252154153420624
0.826697104167305
0.731897768359820
1.461875592839368
0.356128679601263
1.069809678681987
0.141092653745101
0.302461810463994
0.172133831964965
0.215355844511636
0.269077393498892
0.708722443251412
0.739145841884615
1.388844561738292
0.318567580681999
1.103203370181696
0.135938241923587
0.277427754693475
0.164274247632810
0.235890319033543
0.274297995100343
0.612906007407858
0.852997280834604
1.629855373154437
0.351095268459597
1.261725378693853
0.142315799866969
0.275889965654022
0.159602482103287
0.197647177192874
0.227408484342953
0.713868689281628
0.813905550888629
1.640012693878397
0.320301810471992
1.238607083696468
0.142409853884044
0.278088098472420
0.169567191899825
0.167446990459257
0.291533655994103
0.660982615000196
0.607203274756229
1.544589395512715
0.331168489542127
1.006330092361510
0.150907534336320
0.267901899258443
0.148764844016506
0.207369763839568
0.270370440659670
0.685506265391991
0.726877288393782
1.534365721293522
0.325178260944648
1.257503833091951
0.154161282143532
0.313451065696216
0.180762977800036
0.231443153938451
0.283887377264307
0.761332416779372
0.808219786719136
1.518107676064227
0.290861963131448
1.247891851646715
0.166032208865176
0.309482514655710
0.160696983389285
0.203071096851636
0.277799409665041
0.753056021623342
0.768135427775767
1.581247487284965
0.325837122771610
1.249563735936102
0.164064791504615
0.347944969435843
0.115470193277947
0.206567820665853
0.243618443217660
0.653527347611399
0.824610813942463
1.563559125387735
0.359529815774840
1.014515272755466
0.178675795147001
0.263565485631004
0.158760514908417
0.203257200077426
0.265722168029710
0.649139212745651
0.783033832006647
1.313377219551029
0.330844477737143
0.996714676992363
0.143685363854771
0.294411317431672
0.179844849622656
0.222426868008669
0.269737389046924
0.657221107420319
0.816179861663441
1.425370695578184
0.345585923835057
1.005252218564203
0.140295231156115
0.260878163404012
0.178021688692373
0.238674863243657
0.231086276416717
0.620010471246764
0.772853482127985
1.561654344819887
0.353607833014933
1.118180265019298
0.181145142842403
0.299914569137698
0.161119535144004
0.185955014487867
0.241777851854375
0.776987810295140
0.974776825872688
1.428808221718963
0.328975442319810
1.036819439898917
0.163952562394237
0.282938562774604
0.142850999201952
0.212226774434372
0.256104866742202
0.676222324296417
0.796940893728706
1.628996143274572
0.354668561608698
1.192632291446770
0.132440202622827
0.302295777643363
0.152260189789284
0.234272588570666
0.299130895772060
0.746933893507410
0.726422032398595
1.803084794799227
0.276058534996290
1.269209263139184
0.136563045533811
0.245559865164017
0.167737580676488
0.195975863704359
0.275204439086090
0.630309813251629
0.856291865622482
1.742563435135846
0.298529563534081
1.193162797370157
0.163281324676488
0.285977434595859
0.174761162875998
0.177350043407665
0.253426980871448
0.663517353571150
0.720117652291966
1.696967003404094
0.270064333765158
1.160893886332345
0.157879672106864
0.313583994560293
0.162673100146971
0.225698892665111
0.251640523252048
0.607821336738852
0.524460067451530
1.327128972683242
0.299446558432589
1.024596739625501
0.108605879377768
0.249473030980771
0.205472432092113
0.128587915939208
0.252465593916430
0.330823862953771
0.119000803290742
0.256526005710639
0.204239912688783
0.275531110539806
0.092096787382300
0.251066588380396
0.213638341054978
0.125308710850685
0.261659487322226
0.355126850213029
0.118264845354188
0.291492547990132
0.189133931619918
0.247465228015429
0.093084613141503
0.307335560890432
0.215133070683722
0.117089140119750
0.243194711388599
0.340000583405979
0.104560205585230
0.240943013445389
0.201575436789811
0.330887720774775
0.113724898731983
0.281915210623263
0.242037426489254
0.117872938330391
0.257871753590569
0.384295369080361
0.111946267911581
0.270982545982386
0.175098599155735
0.275450066781155
0.117460711875012
0.283813711556776
0.211124920610830
0.142132325531840
0.278025848188015
0.310715542814816
0.115145049668369
0.262222659412203
0.189248527929917
0.288617024365075
0.110513346386337
0.278926278707071
0.193954030609183
0.131684895489036
0.281614473831568
0.325594059501039
0.110520670000833
0.263340646738650
0.188705685760119
0.293174736962628
0.113682327031524
0.308663106115857
0.202390198242639
0.145961920829156
0.244811562814593
0.327907177924086
0.091392511807619
0.237962807412290
0.161634050116333
0.264732182214692
0.094208249842599
0.286237860019853
0.222795669329011
0.128081130104269
0.258939217465848
0.310752340850005
0.128580048981682
0.226641760683545
0.199380970137533
0.241184651441501
0.098317748649016
0.279308728998855
0.255092785048145
0.152032333992115
0.218139030976718
0.379066026085853
0.102681760808206
0.280374695621679
0.161256899099852
0.269891993208170
0.099724571752145
0.226417544257897
0.223143949584401
0.154024682617548
0.269708446902831
0.437228437008633
0.111177649944364
0.242855524224188
0.185860622080893
0.282204276281108
0.101149061270966
0.217031755329273
0.198136035782964
0.146383670860387
0.296600230886160
0.364744316368616
0.125149268964853
0.238160961549919
0.181542515318380
0.283332028018547
0.084917245069071
0.221152203643503
0.258243106733047
0.160397878801875
0.236525901861712
0.350345397566673
0.103403197705998
0.264193413368430
0.236093426088215
0.256147449764568
0.080036715197188
0.259907056965831
0.172051536972302
0.128753670217059
0.216067394266954
0.433163218713844
0.126475335802328
0.212185134072908
0.201152411326752
0.286925648627987
0.098477265181706
0.248810225492033
0.257831408995426
0.153368514254670
0.265892526236956
0.350670975596916
0.097293681530959
0.256919084215136
0.223383083486812
0.280112314993094
0.092998666139932
0.261570646584498
0.189198722506349
0.154270591850583
0.262089839924940
0.361827411569191
0.108146196904971
0.260360773773141
0.208094359738222
0.244959219050867
0.100163651835774
0.290983947274688
0.247773935471751
0.124244928880607
0.275402859809648
0.417877376221673
0.095775369329204
0.271513049518032
0.199032479238424
0.256811568364303
0.100462652984418
0.251155984836256
0.198646405468413
0.148228690929478
0.260597215671711
0.376332311843788
0.120740118991544
0.254246578098809
0.177608680557922
0.214769216916461
0.105066180674530
0.296382957224221
0.224658007120986
0.141259697724472
0.248648818973606
0.360033568938783
0.107730290663828
0.278696505061504
0.206809442773639
0.258428046863007
0.095074615921749
0.289819036480803
0.230615820773979
0.127047329705263
0.226664266617363
0.425774444023795
0.106984629110290
0.233489254107271
0.198665240016002
0.312954926161544
0.106421899585189
0.309299292490061
0.220007819313642
0.136320127934889
0.256848138352850
0.377505997987844
0.098844811138194
0.295910832934918
0.179473280191065
0.317744064154748
0.107706997548159
0.237174556761123
0.241200969112500
0.107274277855331
0.233266225983733
0.370090470292673
0.111216740431831
0.221032579166806
0.198035627479098
0.272408504907854
0.100348185962241
0.246332545574751
0.227110752663776
0.137537991680865
0.300820720494995
0.329544267414357
0.112573515477520
0.290999081512069
0.192418688591196
0.241368590488320
0.116393928569026
0.226251762690872
0.241134441480473
0.129944682990979
0.250932280829249
0.386348969797135
0.107320033055543
0.284140854798587
0.208349052574513
0.303932982505256
0.138729170268968
0.323103612318403
0.258695606593846
0.160159855772471
0.283352531779313
0.353790300080426
0.111274228150525
0.296567349876156
0.160693894536839
0.305097690224929
0.095486871038884
0.288213225099434
0.227157200436889
0.118835658853910
0.250448570381928
0.409471577163220
0.103564583492484
0.260388203257511
0.220158570507165
0.336270490377706
0.119945422952058
0.267465545300721
0.168535891781344
0.137079191004730
0.218978479617312
0.384200916581278
0.099926065859540
0.255912362214712
0.229865351192180
0.299743901229069
0.108084317516514
0.227337131920273
0.193635422625695
0.142025239133879
0.254322419426436
0.373624389908997
0.116029489444869
0.237148998616861
0.164985982722348
0.275906515048987
0.118127462128108
0.248970738913986
0.206854291846251
0.125898830010696
0.266904961853982
0.386926282769602
0.107452307870881
0.243136822962195
0.191904966933977
0.270984440930595
0.082343965549393
0.270621385739971
0.219221317090161
0.144168929512072
0.230839739028230
0.367734221805122
0.099254014063104
0.258894545040470
0.192844589544999
0.303170823654054
0.119090631953011
0.271193936199818
0.201098560643577
0.137807405665354
0.283526198485248
0.346436997047326
0.083957610966876
0.298455591540815
0.200054776065471
0.317896175620643
0.095538066959609
0.238532902934937
0.220999981689017
0.127788673903752
0.268411294985707
0.327107179001811
0.100546535615150
0.317192567645735
0.197488600233648
0.251867398184810
0.112069372809484
0.329252393782138
0.199925587832552
0.122360901014800
0.212222744311787
0.354642202914076
0.113454264543724
0.303266120511139
0.201192497431405
0.278628988817484
0.101494838146033
0.293012593075025
0.203295856616165
0.150778759965047
0.248884114453392
0.351255835971752
0.111996961039412
0.254979650610967
0.151275320685752
0.272934443610749
0.103123434589608
0.273312319168913
0.236820670157738
0.115962275476570
0.243915169405373
0.383154079242812
0.109763767608724
0.234786924917641
0.161324504573122
0.275601985375866
0.121344731593466
0.253988576625298
0.216335443871083
0.142327672236564
0.250245215082636
0.374610184594023
0.116084817114944
0.277015390287650
0.171827338318520
0.304781782336261
0.099086597304400
0.277609575394299
0.179160609502964
0.128462184248849
0.244539760330892
0.361485102749253
0.109744512656627
0.282279965574372
0.208794177227024
0.304224990521398
0.103841222170863
0.257696521514510
0.240069068456671
0.140749671650486
0.242932889946183
0.398782564395228
0.125505230711433
0.226366362513732
0.200455882361776
0.254600722842136
0.096467473065953
0.235760796457517
0.201961456598338
0.121845316911477
0.264790498906106
0.396162462730097
0.102819254573269
0.216814091904963
0.209170206293044
0.304371474871159
0.113524784129342
0.250752831050097
0.205510949228072
0.121287933688974
0.269076073180276
0.388596510511010
0.109809141488272
0.287548498195716
0.195453062448366
0.229998192034009
0.081705581984292
0.239718374330434
0.197981005639346
0.133020052538530
0.238607784806944
0.320115911858499
0.118506983322405
0.258713047649856
0.179919462708677
0.309076550785220
