0.200000000000000
0.200000000000000
0.200000000000000
0.200000000000000
0.200000000000000
0.142088513077039
0.310719599235616
0.166528078567320
0.212905808207417
0.266482491043895
0.761729783608670
0.634362056891616
1.576735109424405
0.291490315101932
1.089348038245218
0.141118541282429
0.281477552818021
0.167414406429630
0.184276995676455
0.263494796995319
0.692304963412679
0.773320932383037
1.309305562100601
0.306919506227801
1.151557551730689
0.187121509799093
0.306887871469947
0.147750555914438
0.216077618904068
0.253660826161628
0.685002013445849
0.687156971268290
1.538931836234552
0.324073104940641
1.100321154941514
0.138170604978298
0.324808881357782
0.132956277603478
0.194502792675285
0.228934729989087
0.745981922602771
0.930200382982935
1.766616103121546
0.333366587927294
1.155344266991180
0.160119037177764
0.237070843250389
0.179241534916566
0.198547381282052
0.274516556420276
0.631873427540527
0.806307527204965
1.625188062179657
0.369783597954369
1.144253677136521
0.098476746897009
0.254841406932241
0.173170328760428
0.141239119577067
0.255427719783213
0.441044400649980
0.112523799680884
0.276969737693296
0.189320400668474
0.226116053589760
0.117914428890899
0.275227182331483
0.236554126564275
0.124496284282309
0.253628478519632
0.414977511926427
0.096313256035774
0.289686439323075
0.205015116160727
0.264009751721092
0.094777581750325
0.295376717751326
0.177664240429431
0.131236523229636
0.228221555314528
0.349226110581922
0.103454097062942
0.205819359076627
0.177501118103415
0.280661872199777
0.092419309390921
0.272437946676044
0.221951668712980
0.111483940457563
0.242592773579144
0.341326361986696
0.124169710255900
0.287409969852358
0.206129072970268
0.245554637551950
0.118213633855153
0.299551972362780
0.220937083136309
0.144708783532668
0.237201293280314
0.376551360490621
0.104329719484758
0.256205294490090
0.193152661395673
0.273551035003146
